ans =

   1.0000e+00   1.0048e+00   1.0050e+00  -1.6258e-04
   2.0000e+00   1.0187e+00   1.0195e+00  -7.6925e-04
   3.0000e+00   1.0408e+00   1.0425e+00  -1.7318e-03
   4.0000e+00   1.0703e+00   1.0733e+00  -2.9750e-03
   5.0000e+00   1.1065e+00   1.1110e+00  -4.4348e-03

