ans =

   1.0000000   1.0048374   1.0000000   0.0048374
   2.0000000   1.0187308   1.0100000   0.0087308
   3.0000000   1.0408182   1.0290000   0.0118182
   4.0000000   1.0703200   1.0561000   0.0142200
   5.0000000   1.1065307   1.0904900   0.0160407

