x =

   0.00000   0.10000   0.20000   0.30000   0.40000

y =

   1.00000   0.74115   0.55115   0.41389   0.31744

