a = -2.7110
b =  12.293
r =  0.69607
a2 =  0.83929
b2 =  0.071429
r2 =  0.86832
