Aext =

   -2    0   -2  -10
    2    2    4   16
    0    1    0    0

Adiag =

  -2  -0   1   5
   2   2   1   3
   0   1  -1   3

x =

   2   0   3

