I =

 Columns 1 through 3:

   0.04689820195675140   0.03101798043248600   0.02315352900847329

 Columns 4 through 6:

   0.01846470991526711   0.01535290084732894   0.01313765819337729

 Columns 7 through 9:

   0.01148056092337000   0.01019439076629997   0.00916720344811137

 Columns 10 through 12:

   0.00832796551888631   0.00762943572022779   0.00703897613105545

 Columns 13 through 15:

   0.00653331561252245   0.00609541530334689   0.00571251363319779

 Columns 16 through 18:

   0.00537486366802208   0.00507489273154395   0.00480662824011610

 Columns 19 through 21:

   0.00456529654620742   0.00434703453792584   0.00414870223978920

 Columns 22 through 24:

   0.00396752305665349   0.00380303030303030   0.00363636363636364

