I =

 Columns 1 through 3:

   9.53101798043249e-02  -4.53101798043249e-01   4.86435131376583e+00

 Columns 4 through 6:

  -4.83935131376583e+01   4.84135131376583e+02  -4.84118464709916e+03

 Columns 7 through 9:

   4.84119893281344e+04  -4.84119768281344e+05   4.84119779392456e+06

 Columns 10 through 12:

  -4.84119778392456e+07   4.84119778483365e+08  -4.84119778475031e+09

 Columns 13 through 15:

   4.84119778475801e+10  -4.84119778475729e+11   4.84119778475736e+12

 Columns 16 through 18:

  -4.84119778475735e+13   4.84119778475735e+14  -4.84119778475735e+15

 Columns 19 through 21:

   4.84119778475735e+16  -4.84119778475735e+17   4.84119778475735e+18

 Columns 22 through 24:

  -4.84119778475735e+19   4.84119778475735e+20  -4.84119778475735e+21

 Column 25:

   4.84119778475735e+22

