ans =

   11.0779    2.3291

