ans =

   1.36523   0.73908

